shape_id,shape_pt_lat,shape_pt_lon,shape_pt_sequence
shapes_536_1,24.83862,125.16338,10001
shapes_536_1,24.83864,125.16337,10002
shapes_536_1,24.83923,125.16399,10003
shapes_536_1,24.8393,125.16403,10004
shapes_536_1,24.83917,125.16423,10005
shapes_536_1,24.83917,125.16423,20001
shapes_536_1,24.8389,125.16462,20002
shapes_536_1,24.83872,125.16487,20003
shapes_536_1,24.83857,125.16505,20004
shapes_536_1,24.83804,125.1657,20005
shapes_536_1,24.83804,125.1657,30001
shapes_536_1,24.838,125.16576,30002
shapes_536_1,24.83782,125.16591,30003
shapes_536_1,24.83769,125.16601,30004
shapes_536_1,24.83751,125.16612,30005
shapes_536_1,24.83722,125.16627,30006
shapes_536_1,24.83722,125.16627,40001
shapes_536_1,24.83711,125.16632,40002
shapes_536_1,24.83653,125.16652,40003
shapes_536_1,24.83642,125.16656,40004
shapes_536_1,24.83632,125.16659,40005
shapes_536_1,24.83589,125.16667,40006
shapes_536_1,24.83523,125.16679,40007
shapes_536_1,24.83164,125.1673,40008
shapes_536_1,24.83125,125.16737,40009
shapes_536_1,24.83069,125.16747,40010
shapes_536_1,24.83018,125.16756,40011
shapes_536_1,24.83018,125.16756,50001
shapes_536_1,24.82995,125.16761,50002
shapes_536_1,24.82923,125.16774,50003
shapes_536_1,24.82877,125.16782,50004
shapes_536_1,24.82847,125.16786,50005
shapes_536_1,24.8282,125.16791,50006
shapes_536_1,24.82805,125.16797,50007
shapes_536_1,24.82789,125.16807,50008
shapes_536_1,24.82719,125.16879,50009
shapes_536_1,24.82685,125.16915,50010
shapes_536_1,24.82684,125.16916,50011
shapes_536_1,24.8268,125.1692,50012
shapes_536_1,24.8268,125.1692,60001
shapes_536_1,24.82616,125.16984,60002
shapes_536_1,24.82556,125.17051,60003
shapes_536_1,24.82556,125.17051,70001
shapes_536_1,24.82552,125.17056,70002
shapes_536_1,24.82506,125.17097,70003
shapes_536_1,24.82455,125.17134,70004
shapes_536_1,24.82449,125.17138,70005
shapes_536_1,24.82373,125.17177,70006
shapes_536_1,24.82303,125.17211,70007
shapes_536_1,24.82233,125.17253,70008
shapes_536_1,24.82132,125.17307,70009
shapes_536_1,24.82052,125.17346,70010
shapes_536_1,24.82045,125.1735,70011
shapes_536_1,24.82045,125.1735,80001
shapes_536_1,24.82,125.17372,80002
shapes_536_1,24.81965,125.17405,80003
shapes_536_1,24.81924,125.17459,80004
shapes_536_1,24.81924,125.1746,80005
shapes_536_1,24.81924,125.1746,90001
shapes_536_1,24.81924,125.17459,90002
shapes_536_1,24.81884,125.17505,90003
shapes_536_1,24.81861,125.17533,90004
shapes_536_1,24.81808,125.17583,90005
shapes_536_1,24.81764,125.17626,90006
shapes_536_1,24.8176,125.17631,90007
shapes_536_1,24.81761,125.17633,90008
shapes_536_1,24.81761,125.17633,100001
shapes_536_1,24.81788,125.17687,100002
shapes_536_1,24.81801,125.17704,100003
shapes_536_1,24.81811,125.17714,100004
shapes_536_1,24.81833,125.17736,100005
shapes_536_1,24.81833,125.17736,100006
shapes_536_1,24.81833,125.17736,110001
shapes_536_1,24.81877,125.17789,110002
shapes_536_1,24.81893,125.1781,110003
shapes_536_1,24.81935,125.17865,110004
shapes_536_1,24.81938,125.17858,110005
shapes_536_1,24.81959,125.17833,110006
shapes_536_1,24.81998,125.17803,110007
shapes_536_1,24.82141,125.17984,110008
shapes_536_1,24.82193,125.18053,110009
shapes_536_1,24.82226,125.18099,110010
shapes_536_1,24.8234,125.18234,110011
shapes_536_1,24.8241,125.18179,110012
shapes_536_1,24.82409,125.18227,110013
shapes_536_1,24.82411,125.18248,110014
shapes_536_1,24.82425,125.18314,110015
shapes_536_1,24.82435,125.18349,110016
shapes_536_1,24.82446,125.18381,110017
shapes_536_1,24.82458,125.18409,110018
shapes_536_1,24.82468,125.18425,110019
shapes_536_1,24.82476,125.18437,110020
shapes_536_1,24.82497,125.1846,110021
shapes_536_1,24.82512,125.18472,110022
shapes_536_1,24.82536,125.18489,110023
shapes_536_1,24.82567,125.18507,110024
shapes_536_1,24.82626,125.18539,110025
shapes_536_1,24.82662,125.18561,110026
shapes_536_1,24.82702,125.18592,110027
shapes_536_1,24.8274,125.18624,110028
shapes_536_1,24.82758,125.18643,110029
shapes_536_1,24.82765,125.1865,110030
shapes_536_1,24.82778,125.18669,110031
shapes_536_1,24.82826,125.18719,110032
shapes_536_1,24.82824,125.18722,110033
shapes_536_1,24.82843,125.18735,110034
shapes_536_1,24.82879,125.18754,110035
shapes_536_1,24.82982,125.18802,110036
shapes_536_1,24.8311,125.18861,110037
shapes_536_1,24.83118,125.1888,110038
shapes_536_1,24.83137,125.18924,110039
shapes_536_1,24.83164,125.1894,110040
shapes_536_1,24.83174,125.18981,110041
shapes_536_1,24.83258,125.19165,110042
shapes_536_1,24.83284,125.19219,110043
shapes_536_1,24.83284,125.19219,120001
shapes_536_1,24.83295,125.19243,120002
shapes_536_1,24.83327,125.19293,120003
shapes_536_1,24.83354,125.19327,120004
shapes_536_1,24.83406,125.19374,120005
shapes_536_1,24.83463,125.19425,120006
shapes_536_1,24.83535,125.19475,120007
shapes_536_1,24.83566,125.19507,120008
shapes_536_1,24.83745,125.19779,120009
shapes_536_1,24.83859,125.1996,120010
shapes_536_1,24.83909,125.20034,120011
shapes_536_1,24.84101,125.20339,120012
shapes_536_1,24.84064,125.20361,120013
shapes_536_1,24.84045,125.20377,120014
shapes_536_1,24.84045,125.20377,130001
shapes_536_1,24.84064,125.20361,130002
shapes_536_1,24.84101,125.20339,130003
shapes_536_1,24.84106,125.20348,130004
shapes_536_1,24.84221,125.20489,130005
shapes_536_1,24.84276,125.20566,130006
shapes_536_1,24.84281,125.20574,130007
shapes_536_1,24.84283,125.20576,130008
shapes_536_1,24.84283,125.20576,140001
shapes_536_1,24.8435,125.20648,140002
shapes_536_1,24.84382,125.20719,140003
shapes_536_1,24.84391,125.20766,140004
shapes_536_1,24.8439,125.20806,140005
shapes_536_1,24.84378,125.20849,140006
shapes_536_1,24.84363,125.20887,140007
shapes_536_1,24.84375,125.20912,140008
shapes_536_1,24.84375,125.20912,150001
shapes_536_1,24.84402,125.20972,150002
shapes_536_1,24.8442,125.20998,150003
shapes_536_1,24.84467,125.21007,150004
shapes_536_1,24.84476,125.21012,150005
shapes_536_1,24.84479,125.21023,150006
shapes_536_1,24.84473,125.21035,150007
shapes_536_1,24.84401,125.21103,150008
shapes_536_1,24.84371,125.21146,150009
shapes_536_1,24.84362,125.21154,150010
shapes_536_1,24.84362,125.21154,160001
shapes_536_1,24.84334,125.21178,160002
shapes_536_1,24.84317,125.21185,160003
shapes_536_1,24.84262,125.21199,160004
shapes_536_1,24.84243,125.21218,160005
shapes_536_1,24.84242,125.21219,160006
shapes_536_1,24.84242,125.21219,170001
shapes_536_1,24.84233,125.21232,170002
shapes_536_1,24.84229,125.21237,170003
shapes_536_1,24.84222,125.21242,170004
shapes_536_1,24.84205,125.21187,170005
shapes_536_1,24.84143,125.21206,170006
shapes_536_1,24.83909,125.2129,170007
shapes_536_1,24.83842,125.2132,170008
shapes_536_1,24.83805,125.21333,170009
shapes_536_1,24.838,125.21346,170010
shapes_536_1,24.83801,125.21377,170011
shapes_536_1,24.838,125.21377,170012
shapes_536_1,24.838,125.21377,180001
shapes_536_1,24.83801,125.21377,180002
shapes_536_1,24.838,125.21346,180003
shapes_536_1,24.83805,125.21333,180004
shapes_536_1,24.83842,125.2132,180005
shapes_536_1,24.83909,125.2129,180006
shapes_536_1,24.83861,125.21239,180007
shapes_536_1,24.83842,125.21194,180008
shapes_536_1,24.83836,125.2119,180009
shapes_536_1,24.83812,125.21202,180010
shapes_536_1,24.838,125.21208,180011
shapes_536_1,24.83724,125.21272,180012
shapes_536_1,24.83664,125.21293,180013
shapes_536_1,24.8344,125.21426,180014
shapes_536_1,24.83381,125.21453,180015
shapes_536_1,24.83326,125.21468,180016
shapes_536_1,24.83297,125.21484,180017
shapes_536_1,24.83259,125.21509,180018
shapes_536_1,24.83223,125.21544,180019
shapes_536_1,24.83199,125.21561,180020
shapes_536_1,24.83188,125.2157,180021
shapes_536_1,24.83166,125.21587,180022
shapes_536_1,24.83124,125.21611,180023
shapes_536_1,24.83099,125.21623,180024
shapes_536_1,24.83044,125.21651,180025
shapes_536_1,24.83016,125.2167,180026
shapes_536_1,24.82938,125.2173,180027
shapes_536_1,24.82875,125.21779,180028
shapes_536_1,24.82839,125.2181,180029
shapes_536_1,24.82806,125.21838,180030
shapes_536_1,24.82762,125.21873,180031
shapes_536_1,24.82745,125.21882,180032
shapes_536_1,24.8273,125.21888,180033
shapes_536_1,24.82702,125.21895,180034
shapes_536_1,24.82679,125.21898,180035
shapes_536_1,24.82661,125.21898,180036
shapes_536_1,24.82613,125.21903,180037
shapes_536_1,24.82567,125.21906,180038
shapes_536_1,24.82511,125.21906,180039
shapes_536_1,24.82488,125.21907,180040
shapes_536_1,24.82448,125.2191,180041
shapes_536_1,24.82296,125.21937,180042
shapes_536_1,24.82222,125.21957,180043
shapes_536_1,24.82158,125.21972,180044
shapes_536_1,24.8214,125.21975,180045
shapes_536_1,24.82101,125.21968,180046
shapes_536_1,24.82003,125.22,180047
shapes_536_1,24.81949,125.22019,180048
shapes_536_1,24.81922,125.22024,180049
shapes_536_1,24.81896,125.22026,180050
shapes_536_1,24.81868,125.22024,180051
shapes_536_1,24.81809,125.22022,180052
shapes_536_1,24.81715,125.22012,180053
shapes_536_1,24.81686,125.22011,180054
shapes_536_1,24.81666,125.22014,180055
shapes_536_1,24.81652,125.22017,180056
shapes_536_1,24.8163,125.22028,180057
shapes_536_1,24.81607,125.22044,180058
shapes_536_1,24.81589,125.2206,180059
shapes_536_1,24.81555,125.22087,180060
shapes_536_1,24.81535,125.22101,180061
shapes_536_1,24.81525,125.22105,180062
shapes_536_1,24.81514,125.22108,180063
shapes_536_1,24.81499,125.22109,180064
shapes_536_1,24.81449,125.22108,180065
shapes_536_1,24.81431,125.22107,180066
shapes_536_1,24.81418,125.22103,180067
shapes_536_1,24.81403,125.22094,180068
shapes_536_1,24.81386,125.2208,180069
shapes_536_1,24.81357,125.22047,180070
shapes_536_1,24.81324,125.2201,180071
shapes_536_1,24.81303,125.21994,180072
shapes_536_1,24.81278,125.21983,180073
shapes_536_1,24.81217,125.21966,180074
shapes_536_1,24.81196,125.21956,180075
shapes_536_1,24.81169,125.2194,180076
shapes_536_1,24.8115,125.21924,180077
shapes_536_1,24.81133,125.21908,180078
shapes_536_1,24.81128,125.21902,180079
shapes_536_1,24.81111,125.21882,180080
shapes_536_1,24.81084,125.2184,180081
shapes_536_1,24.8107,125.21832,180082
shapes_536_1,24.81061,125.21829,180083
shapes_536_1,24.8105,125.21828,180084
shapes_536_1,24.81041,125.21827,180085
shapes_536_1,24.80973,125.21886,180086
shapes_536_1,24.8088,125.21965,180087
shapes_536_1,24.80788,125.22052,180088
shapes_536_1,24.80709,125.22136,180089
shapes_536_1,24.80672,125.22179,180090
shapes_536_1,24.80629,125.22234,180091
shapes_536_1,24.80497,125.22427,180092
shapes_536_1,24.80009,125.23207,180093
shapes_536_1,24.79963,125.23283,180094
shapes_536_1,24.7992,125.23358,180095
shapes_536_1,24.79877,125.23439,180096
shapes_536_1,24.79838,125.23515,180097
shapes_536_1,24.79802,125.23593,180098
shapes_536_1,24.79767,125.23675,180099
shapes_536_1,24.79735,125.23756,180100
shapes_536_1,24.79705,125.23838,180101
shapes_536_1,24.79676,125.23925,180102
shapes_536_1,24.79651,125.2401,180103
shapes_536_1,24.79627,125.24095,180104
shapes_536_1,24.79606,125.24181,180105
shapes_536_1,24.79587,125.24268,180106
shapes_536_1,24.79571,125.24357,180107
shapes_536_1,24.79558,125.24445,180108
shapes_536_1,24.79546,125.24533,180109
shapes_536_1,24.79496,125.2503,180110
shapes_536_1,24.79491,125.25083,180111
shapes_536_1,24.79484,125.25166,180112
shapes_536_1,24.79482,125.25235,180113
shapes_536_1,24.79481,125.25336,180114
shapes_536_1,24.79482,125.25393,180115
shapes_536_1,24.79485,125.25448,180116
shapes_536_1,24.79506,125.2567,180117
shapes_536_1,24.79508,125.25692,180118
shapes_536_1,24.79508,125.25717,180119
shapes_536_1,24.79508,125.25734,180120
shapes_536_1,24.79505,125.25753,180121
shapes_536_1,24.79501,125.2577,180122
shapes_536_1,24.79464,125.25922,180123
shapes_536_1,24.79457,125.25937,180124
shapes_536_1,24.79449,125.25952,180125
shapes_536_1,24.79442,125.25962,180126
shapes_536_1,24.79424,125.25982,180127
shapes_536_1,24.79384,125.26015,180128
shapes_536_1,24.79364,125.26033,180129
shapes_536_1,24.79349,125.26047,180130
shapes_536_1,24.79326,125.26071,180131
shapes_536_1,24.79305,125.26103,180132
shapes_536_1,24.79287,125.26135,180133
shapes_536_1,24.7926,125.26186,180134
shapes_536_1,24.7922,125.26271,180135
shapes_536_1,24.79172,125.26364,180136
shapes_536_1,24.79153,125.26409,180137
shapes_536_1,24.79142,125.26443,180138
shapes_536_1,24.79135,125.2647,180139
shapes_536_1,24.7913,125.26498,180140
shapes_536_1,24.79128,125.26514,180141
shapes_536_1,24.79127,125.26533,180142
shapes_536_1,24.79127,125.26559,180143
shapes_536_1,24.79129,125.26586,180144
shapes_536_1,24.79131,125.26617,180145
shapes_536_1,24.79137,125.26639,180146
shapes_536_1,24.79142,125.26657,180147
shapes_536_1,24.79155,125.26693,180148
shapes_536_1,24.79185,125.2676,180149
shapes_536_1,24.79204,125.26808,180150
shapes_536_1,24.79204,125.26808,190001
shapes_536_1,24.79209,125.26821,190002
shapes_536_1,24.79224,125.26856,190003
shapes_536_1,24.79242,125.2689,190004
shapes_536_1,24.79256,125.26906,190005
shapes_536_1,24.79261,125.26911,190006
shapes_536_1,24.79308,125.26953,190007
shapes_536_1,24.79341,125.26971,190008
shapes_536_1,24.79382,125.26988,190009
shapes_536_1,24.79405,125.27001,190010
shapes_536_1,24.79405,125.27001,200001
shapes_536_1,24.79455,125.2703,200002
shapes_536_1,24.79473,125.27042,200003
shapes_536_1,24.79513,125.27072,200004
shapes_536_1,24.7954,125.27099,200005
shapes_536_1,24.7959,125.2715,200006
shapes_536_1,24.79623,125.27188,200007
shapes_536_1,24.79661,125.27237,200008
shapes_536_1,24.79674,125.27252,200009
shapes_536_1,24.79674,125.27252,210001
shapes_536_1,24.79716,125.27303,210002
shapes_536_1,24.79761,125.27352,210003
shapes_536_1,24.79767,125.27357,210004
shapes_536_1,24.798,125.27386,210005
shapes_536_1,24.79847,125.27433,210006
shapes_536_1,24.79861,125.27442,210007
shapes_536_1,24.79907,125.27472,210008
shapes_536_1,24.79943,125.27498,210009
shapes_536_1,24.79968,125.2752,210010
shapes_536_1,24.79977,125.27528,210011
shapes_536_1,24.80004,125.2755,210012
shapes_536_1,24.80004,125.2755,220001
shapes_536_1,24.80014,125.27558,220002
shapes_536_1,24.8005,125.27587,220003
shapes_536_1,24.80073,125.27621,220004
shapes_536_1,24.80087,125.27663,220005
shapes_536_1,24.80102,125.27697,220006
shapes_536_1,24.80121,125.27718,220007
shapes_536_1,24.8015,125.27719,220008
shapes_536_1,24.80173,125.27723,220009
shapes_536_1,24.80197,125.27742,220010
shapes_536_1,24.80212,125.27756,220011
shapes_536_1,24.80218,125.27761,220012
shapes_536_1,24.80254,125.27796,220013
shapes_536_1,24.80279,125.27816,220014
shapes_536_1,24.80322,125.27837,220015
shapes_536_1,24.80368,125.27881,220016
shapes_536_1,24.80395,125.27907,220017
shapes_536_1,24.80344,125.27949,220018
shapes_536_1,24.80344,125.27949,230001
shapes_536_1,24.80342,125.27951,230002
shapes_536_1,24.80321,125.27968,230003
shapes_536_1,24.80279,125.28004,230004
shapes_536_1,24.80213,125.28069,230005
shapes_536_1,24.80213,125.28069,240001
shapes_536_1,24.80189,125.28093,240002
shapes_536_1,24.80148,125.28131,240003
shapes_536_1,24.79982,125.28234,240004
shapes_536_1,24.79923,125.28271,240005
shapes_536_1,24.79952,125.28304,240006
shapes_536_1,24.79972,125.28329,240007
shapes_536_1,24.8,125.28366,240008
shapes_536_1,24.80018,125.2839,240009
shapes_536_1,24.80018,125.2839,250001
shapes_536_1,24.80022,125.28395,250002
shapes_536_1,24.80042,125.28423,250003
shapes_536_1,24.80001,125.28455,250004
shapes_536_1,24.79947,125.28506,250005
shapes_536_1,24.79938,125.28513,250006
shapes_536_1,24.7992,125.28529,250007
shapes_536_1,24.79893,125.2855,250008
shapes_536_1,24.79861,125.28577,250009
shapes_536_1,24.79824,125.28608,250010
shapes_536_1,24.79792,125.28637,250011
shapes_536_1,24.79759,125.28689,250012
shapes_536_1,24.7975,125.28705,250013
shapes_536_1,24.797478,125.287033,260001
shapes_536_1,24.796893402238783,125.2880108356476,260002
shapes_536_1,24.798500432382802,125.28937339782716,260003
shapes_536_1,24.7985,125.28938,270001
shapes_536_1,24.79914,125.28992,270002
shapes_536_1,24.79886,125.29033,270003
shapes_536_1,24.79866,125.29054,270004
shapes_536_1,24.79853,125.29067,270005
shapes_536_1,24.79853,125.29068,270006
shapes_536_1,24.79853,125.29068,280001
shapes_536_1,24.79842,125.29077,280002
shapes_536_1,24.79838,125.29081,280003
shapes_536_1,24.79819,125.29098,280004
shapes_536_1,24.79766,125.29137,280005
shapes_536_1,24.79714,125.29177,280006
shapes_536_1,24.7967,125.2921,280007
shapes_536_1,24.79628,125.29242,280008
shapes_536_1,24.79628,125.29242,280009
shapes_536_1,24.79628,125.29242,290001
shapes_536_1,24.79587,125.29275,290002
shapes_536_1,24.79556,125.29298,290003
shapes_536_1,24.79522,125.29324,290004
shapes_536_1,24.7949,125.29347,290005
shapes_536_1,24.79442,125.29379,290006
shapes_536_1,24.79435,125.29383,290007
shapes_536_1,24.7943,125.29387,290008
shapes_536_1,24.79419,125.29393,290009
shapes_536_1,24.79398,125.29403,290010
shapes_536_1,24.79382,125.29411,290011
shapes_536_1,24.79358,125.29422,290012
shapes_536_1,24.79338,125.2943,290013
shapes_536_1,24.79304,125.29442,290014
shapes_536_1,24.79295,125.29445,290015
shapes_536_1,24.79276,125.29451,290016
shapes_536_1,24.79257,125.29455,290017
shapes_536_1,24.79229,125.29461,290018
shapes_536_1,24.79207,125.29465,290019
shapes_536_1,24.79174,125.2947,290020
shapes_536_1,24.79172,125.29471,290021
shapes_536_1,24.79172,125.29471,300001
shapes_536_1,24.79149,125.29475,300002
shapes_536_1,24.79135,125.29477,300003
shapes_536_1,24.79122,125.2948,300004
shapes_536_1,24.7911,125.29485,300005
shapes_536_1,24.79098,125.29491,300006
shapes_536_1,24.79087,125.29497,300007
shapes_536_1,24.79076,125.29506,300008
shapes_536_1,24.79063,125.29518,300009
shapes_536_1,24.79034,125.29546,300010
shapes_536_1,24.79016,125.29564,300011
shapes_536_1,24.78999,125.29579,300012
shapes_536_1,24.78985,125.29592,300013
shapes_536_1,24.7897,125.29607,300014
shapes_537_1,24.7897,125.29607,310001
shapes_537_1,24.78985,125.29592,310002
shapes_537_1,24.78999,125.29579,310003
shapes_537_1,24.79016,125.29564,310004
shapes_537_1,24.79034,125.29546,310005
shapes_537_1,24.79063,125.29518,310006
shapes_537_1,24.79076,125.29506,310007
shapes_537_1,24.79087,125.29497,310008
shapes_537_1,24.79098,125.29491,310009
shapes_537_1,24.7911,125.29485,310010
shapes_537_1,24.79122,125.2948,310011
shapes_537_1,24.79135,125.29477,310012
shapes_537_1,24.79149,125.29475,310013
shapes_537_1,24.79172,125.29471,310014
shapes_537_1,24.79172,125.29471,320001
shapes_537_1,24.79174,125.2947,320002
shapes_537_1,24.79207,125.29465,320003
shapes_537_1,24.79229,125.29461,320004
shapes_537_1,24.79257,125.29455,320005
shapes_537_1,24.79276,125.29451,320006
shapes_537_1,24.79295,125.29445,320007
shapes_537_1,24.79304,125.29442,320008
shapes_537_1,24.79338,125.2943,320009
shapes_537_1,24.79358,125.29422,320010
shapes_537_1,24.79382,125.29411,320011
shapes_537_1,24.79398,125.29403,320012
shapes_537_1,24.79419,125.29393,320013
shapes_537_1,24.7943,125.29387,320014
shapes_537_1,24.79435,125.29383,320015
shapes_537_1,24.79442,125.29379,320016
shapes_537_1,24.7949,125.29347,320017
shapes_537_1,24.79522,125.29324,320018
shapes_537_1,24.79556,125.29298,320019
shapes_537_1,24.79587,125.29275,320020
shapes_537_1,24.79628,125.29242,320021
shapes_537_1,24.79628,125.29242,330001
shapes_537_1,24.79628,125.29242,330002
shapes_537_1,24.7967,125.2921,330003
shapes_537_1,24.79714,125.29177,330004
shapes_537_1,24.79766,125.29137,330005
shapes_537_1,24.79819,125.29098,330006
shapes_537_1,24.79838,125.29081,330007
shapes_537_1,24.79842,125.29077,330008
shapes_537_1,24.79853,125.29068,330009
shapes_537_1,24.79853,125.29068,340001
shapes_537_1,24.79853,125.29067,340002
shapes_537_1,24.79866,125.29054,340003
shapes_537_1,24.79886,125.29033,340004
shapes_537_1,24.79914,125.28992,340005
shapes_537_1,24.7985,125.28938,340006
shapes_537_1,24.7985,125.28938,350001
shapes_537_1,24.79825,125.28918,350002
shapes_537_1,24.79807,125.28902,350003
shapes_537_1,24.79802,125.28898,350004
shapes_537_1,24.79784585694429,125.28890132904054,350005
shapes_537_1,24.79779130892186,125.28881549835206,350006
shapes_537_1,24.797689991275977,125.28870820999147,350007
shapes_537_1,24.79758089447529,125.28855371449029,350008
shapes_537_1,24.79727308420548,125.28839063670604,350009
shapes_537_1,24.79690288043527,125.28803014676672,350010
shapes_537_1,24.79706,125.28775,350011
shapes_537_1,24.79719,125.28758,350012
shapes_537_1,24.79733,125.28735,350013
shapes_537_1,24.7975,125.28705,350014
shapes_537_1,24.7975,125.28705,360001
shapes_537_1,24.79759,125.28689,360002
shapes_537_1,24.79792,125.28637,360003
shapes_537_1,24.79824,125.28608,360004
shapes_537_1,24.79861,125.28577,360005
shapes_537_1,24.79893,125.2855,360006
shapes_537_1,24.7992,125.28529,360007
shapes_537_1,24.79938,125.28513,360008
shapes_537_1,24.79947,125.28506,360009
shapes_537_1,24.80001,125.28455,360010
shapes_537_1,24.80042,125.28423,360011
shapes_537_1,24.80022,125.28395,360012
shapes_537_1,24.80018,125.2839,360013
shapes_537_1,24.80018,125.2839,370001
shapes_537_1,24.8,125.28366,370002
shapes_537_1,24.79972,125.28329,370003
shapes_537_1,24.79952,125.28304,370004
shapes_537_1,24.79923,125.28271,370005
shapes_537_1,24.79982,125.28234,370006
shapes_537_1,24.80148,125.28131,370007
shapes_537_1,24.80189,125.28093,370008
shapes_537_1,24.80213,125.28069,370009
shapes_537_1,24.80213,125.28069,380001
shapes_537_1,24.80279,125.28004,380002
shapes_537_1,24.80321,125.27968,380003
shapes_537_1,24.80342,125.27951,380004
shapes_537_1,24.80344,125.27949,380005
shapes_537_1,24.80344,125.27949,390001
shapes_537_1,24.80395,125.27907,390002
shapes_537_1,24.80368,125.27881,390003
shapes_537_1,24.80322,125.27837,390004
shapes_537_1,24.80279,125.27816,390005
shapes_537_1,24.80254,125.27796,390006
shapes_537_1,24.80218,125.27761,390007
shapes_537_1,24.80212,125.27756,390008
shapes_537_1,24.80197,125.27742,390009
shapes_537_1,24.80173,125.27723,390010
shapes_537_1,24.8015,125.27719,390011
shapes_537_1,24.80121,125.27718,390012
shapes_537_1,24.80102,125.27697,390013
shapes_537_1,24.80087,125.27663,390014
shapes_537_1,24.80073,125.27621,390015
shapes_537_1,24.8005,125.27587,390016
shapes_537_1,24.80014,125.27558,390017
shapes_537_1,24.80004,125.2755,390018
shapes_537_1,24.79977,125.27528,390019
shapes_537_1,24.79968,125.2752,390020
shapes_537_1,24.79936,125.27559,390021
shapes_537_1,24.79936,125.27559,400001
shapes_537_1,24.79968,125.2752,400002
shapes_537_1,24.79977,125.27528,400003
shapes_537_1,24.80004,125.2755,400004
shapes_537_1,24.80004,125.2755,410001
shapes_537_1,24.79977,125.27528,410002
shapes_537_1,24.79968,125.2752,410003
shapes_537_1,24.79943,125.27498,410004
shapes_537_1,24.79907,125.27472,410005
shapes_537_1,24.79861,125.27442,410006
shapes_537_1,24.79847,125.27433,410007
shapes_537_1,24.798,125.27386,410008
shapes_537_1,24.79767,125.27357,410009
shapes_537_1,24.79761,125.27352,410010
shapes_537_1,24.79716,125.27303,410011
shapes_537_1,24.79674,125.27252,410012
shapes_537_1,24.79674,125.27252,420001
shapes_537_1,24.79661,125.27237,420002
shapes_537_1,24.79623,125.27188,420003
shapes_537_1,24.7959,125.2715,420004
shapes_537_1,24.7954,125.27099,420005
shapes_537_1,24.79513,125.27072,420006
shapes_537_1,24.79473,125.27042,420007
shapes_537_1,24.79455,125.2703,420008
shapes_537_1,24.79405,125.27001,420009
shapes_537_1,24.79405,125.27001,430001
shapes_537_1,24.79382,125.26988,430002
shapes_537_1,24.79341,125.26971,430003
shapes_537_1,24.79308,125.26953,430004
shapes_537_1,24.79261,125.26911,430005
shapes_537_1,24.79256,125.26906,430006
shapes_537_1,24.79242,125.2689,430007
shapes_537_1,24.79224,125.26856,430008
shapes_537_1,24.79209,125.26821,430009
shapes_537_1,24.79204,125.26808,430010
shapes_537_1,24.79204,125.26808,440001
shapes_537_1,24.79185,125.2676,440002
shapes_537_1,24.79155,125.26693,440003
shapes_537_1,24.79142,125.26657,440004
shapes_537_1,24.79137,125.26639,440005
shapes_537_1,24.79131,125.26617,440006
shapes_537_1,24.79129,125.26586,440007
shapes_537_1,24.79127,125.26559,440008
shapes_537_1,24.79127,125.26533,440009
shapes_537_1,24.79128,125.26514,440010
shapes_537_1,24.7913,125.26498,440011
shapes_537_1,24.79135,125.2647,440012
shapes_537_1,24.79142,125.26443,440013
shapes_537_1,24.79153,125.26409,440014
shapes_537_1,24.79172,125.26364,440015
shapes_537_1,24.7922,125.26271,440016
shapes_537_1,24.7926,125.26186,440017
shapes_537_1,24.79287,125.26135,440018
shapes_537_1,24.79305,125.26103,440019
shapes_537_1,24.79326,125.26071,440020
shapes_537_1,24.79349,125.26047,440021
shapes_537_1,24.79364,125.26033,440022
shapes_537_1,24.79384,125.26015,440023
shapes_537_1,24.79424,125.25982,440024
shapes_537_1,24.79442,125.25962,440025
shapes_537_1,24.79449,125.25952,440026
shapes_537_1,24.79457,125.25937,440027
shapes_537_1,24.79464,125.25922,440028
shapes_537_1,24.79501,125.2577,440029
shapes_537_1,24.79505,125.25753,440030
shapes_537_1,24.79508,125.25734,440031
shapes_537_1,24.79508,125.25717,440032
shapes_537_1,24.79508,125.25692,440033
shapes_537_1,24.79506,125.2567,440034
shapes_537_1,24.79485,125.25448,440035
shapes_537_1,24.79482,125.25393,440036
shapes_537_1,24.79481,125.25336,440037
shapes_537_1,24.79482,125.25235,440038
shapes_537_1,24.79484,125.25166,440039
shapes_537_1,24.79491,125.25083,440040
shapes_537_1,24.79496,125.2503,440041
shapes_537_1,24.79546,125.24533,440042
shapes_537_1,24.79558,125.24445,440043
shapes_537_1,24.79571,125.24357,440044
shapes_537_1,24.79587,125.24268,440045
shapes_537_1,24.79606,125.24181,440046
shapes_537_1,24.79627,125.24095,440047
shapes_537_1,24.79651,125.2401,440048
shapes_537_1,24.79676,125.23925,440049
shapes_537_1,24.79705,125.23838,440050
shapes_537_1,24.79735,125.23756,440051
shapes_537_1,24.79767,125.23675,440052
shapes_537_1,24.79802,125.23593,440053
shapes_537_1,24.79838,125.23515,440054
shapes_537_1,24.79877,125.23439,440055
shapes_537_1,24.7992,125.23358,440056
shapes_537_1,24.79963,125.23283,440057
shapes_537_1,24.80009,125.23207,440058
shapes_537_1,24.80497,125.22427,440059
shapes_537_1,24.80629,125.22234,440060
shapes_537_1,24.80672,125.22179,440061
shapes_537_1,24.80709,125.22136,440062
shapes_537_1,24.80788,125.22052,440063
shapes_537_1,24.8088,125.21965,440064
shapes_537_1,24.80973,125.21886,440065
shapes_537_1,24.81041,125.21827,440066
shapes_537_1,24.81061,125.21801,440067
shapes_537_1,24.81084,125.2184,440068
shapes_537_1,24.81111,125.21882,440069
shapes_537_1,24.81128,125.21902,440070
shapes_537_1,24.81133,125.21908,440071
shapes_537_1,24.8115,125.21924,440072
shapes_537_1,24.81169,125.2194,440073
shapes_537_1,24.81196,125.21956,440074
shapes_537_1,24.81217,125.21966,440075
shapes_537_1,24.81278,125.21983,440076
shapes_537_1,24.81303,125.21994,440077
shapes_537_1,24.81324,125.2201,440078
shapes_537_1,24.81357,125.22047,440079
shapes_537_1,24.81386,125.2208,440080
shapes_537_1,24.81403,125.22094,440081
shapes_537_1,24.81418,125.22103,440082
shapes_537_1,24.81431,125.22107,440083
shapes_537_1,24.81449,125.22108,440084
shapes_537_1,24.81499,125.22109,440085
shapes_537_1,24.81514,125.22108,440086
shapes_537_1,24.81525,125.22105,440087
shapes_537_1,24.81535,125.22101,440088
shapes_537_1,24.81555,125.22087,440089
shapes_537_1,24.81589,125.2206,440090
shapes_537_1,24.81607,125.22044,440091
shapes_537_1,24.8163,125.22028,440092
shapes_537_1,24.81652,125.22017,440093
shapes_537_1,24.81666,125.22014,440094
shapes_537_1,24.81686,125.22011,440095
shapes_537_1,24.81715,125.22012,440096
shapes_537_1,24.81809,125.22022,440097
shapes_537_1,24.81868,125.22024,440098
shapes_537_1,24.81896,125.22026,440099
shapes_537_1,24.81922,125.22024,440100
shapes_537_1,24.81949,125.22019,440101
shapes_537_1,24.82003,125.22,440102
shapes_537_1,24.82101,125.21968,440103
shapes_537_1,24.8214,125.21975,440104
shapes_537_1,24.82158,125.21972,440105
shapes_537_1,24.82222,125.21957,440106
shapes_537_1,24.82296,125.21937,440107
shapes_537_1,24.82448,125.2191,440108
shapes_537_1,24.82488,125.21907,440109
shapes_537_1,24.82511,125.21906,440110
shapes_537_1,24.82567,125.21906,440111
shapes_537_1,24.82613,125.21903,440112
shapes_537_1,24.82661,125.21898,440113
shapes_537_1,24.82679,125.21898,440114
shapes_537_1,24.82702,125.21895,440115
shapes_537_1,24.8273,125.21888,440116
shapes_537_1,24.82745,125.21882,440117
shapes_537_1,24.82762,125.21873,440118
shapes_537_1,24.82806,125.21838,440119
shapes_537_1,24.82839,125.2181,440120
shapes_537_1,24.82875,125.21779,440121
shapes_537_1,24.82938,125.2173,440122
shapes_537_1,24.83016,125.2167,440123
shapes_537_1,24.83044,125.21651,440124
shapes_537_1,24.83099,125.21623,440125
shapes_537_1,24.83124,125.21611,440126
shapes_537_1,24.83166,125.21587,440127
shapes_537_1,24.83188,125.2157,440128
shapes_537_1,24.83199,125.21561,440129
shapes_537_1,24.83223,125.21544,440130
shapes_537_1,24.83259,125.21509,440131
shapes_537_1,24.83297,125.21484,440132
shapes_537_1,24.83326,125.21468,440133
shapes_537_1,24.83381,125.21453,440134
shapes_537_1,24.8344,125.21426,440135
shapes_537_1,24.83664,125.21293,440136
shapes_537_1,24.83724,125.21272,440137
shapes_537_1,24.838,125.21208,440138
shapes_537_1,24.83812,125.21202,440139
shapes_537_1,24.83812,125.21202,450001
shapes_537_1,24.83836,125.2119,450002
shapes_537_1,24.83842,125.21194,450003
shapes_537_1,24.83861,125.21239,450004
shapes_537_1,24.83909,125.2129,450005
shapes_537_1,24.83842,125.2132,450006
shapes_537_1,24.83805,125.21333,450007
shapes_537_1,24.838,125.21346,450008
shapes_537_1,24.83801,125.21377,450009
shapes_537_1,24.838,125.21377,450010
shapes_537_1,24.838,125.21377,460001
shapes_537_1,24.83801,125.21377,460002
shapes_537_1,24.838,125.21346,460003
shapes_537_1,24.83805,125.21333,460004
shapes_537_1,24.83842,125.2132,460005
shapes_537_1,24.83909,125.2129,460006
shapes_537_1,24.84143,125.21206,460007
shapes_537_1,24.84205,125.21187,460008
shapes_537_1,24.84222,125.21242,460009
shapes_537_1,24.84229,125.21237,460010
shapes_537_1,24.84233,125.21232,460011
shapes_537_1,24.84242,125.21219,460012
shapes_537_1,24.84242,125.21219,470001
shapes_537_1,24.84243,125.21218,470002
shapes_537_1,24.84262,125.21199,470003
shapes_537_1,24.84317,125.21185,470004
shapes_537_1,24.84334,125.21178,470005
shapes_537_1,24.84362,125.21154,470006
shapes_537_1,24.84362,125.21154,480001
shapes_537_1,24.84371,125.21146,480002
shapes_537_1,24.84401,125.21103,480003
shapes_537_1,24.84473,125.21035,480004
shapes_537_1,24.84479,125.21023,480005
shapes_537_1,24.84476,125.21012,480006
shapes_537_1,24.84467,125.21007,480007
shapes_537_1,24.8442,125.20998,480008
shapes_537_1,24.84402,125.20972,480009
shapes_537_1,24.84375,125.20912,480010
shapes_537_1,24.84375,125.20912,490001
shapes_537_1,24.84363,125.20887,490002
shapes_537_1,24.84323,125.20906,490003
shapes_537_1,24.84289,125.20911,490004
shapes_537_1,24.84221,125.20954,490005
shapes_537_1,24.84208,125.20885,490006
shapes_537_1,24.84197,125.20871,490007
shapes_537_1,24.84182,125.20866,490008
shapes_537_1,24.84178,125.20854,490009
shapes_537_1,24.84157,125.20858,490010
shapes_537_1,24.8413,125.20863,490011
shapes_537_1,24.84113,125.20867,490012
shapes_537_1,24.84091,125.2087,490013
shapes_537_1,24.84007,125.20846,490014
shapes_537_1,24.83998,125.20843,490015
shapes_537_1,24.83977,125.20828,490016
shapes_537_1,24.83966,125.20808,490017
shapes_537_1,24.83964,125.20791,490018
shapes_537_1,24.83958,125.20771,490019
shapes_537_1,24.83942,125.20748,490020
shapes_537_1,24.83932,125.20743,490021
shapes_537_1,24.83917,125.20732,490022
shapes_537_1,24.83843,125.20692,490023
shapes_537_1,24.83814,125.20677,490024
shapes_537_1,24.83806,125.20672,490025
shapes_537_1,24.83729,125.20596,490026
shapes_537_1,24.83729,125.20596,500001
shapes_537_1,24.83806,125.20672,500002
shapes_537_1,24.83814,125.20677,500003
shapes_537_1,24.83819,125.20665,500004
shapes_537_1,24.83886,125.20544,500005
shapes_537_1,24.83903,125.20517,500006
shapes_537_1,24.83911,125.20508,500007
shapes_537_1,24.8394,125.20477,500008
shapes_537_1,24.8399,125.20426,500009
shapes_537_1,24.8402,125.20398,500010
shapes_537_1,24.84045,125.20377,500011
shapes_537_1,24.84045,125.20377,510001
shapes_537_1,24.84064,125.20361,510002
shapes_537_1,24.84101,125.20339,510003
shapes_537_1,24.83909,125.20034,510004
shapes_537_1,24.83859,125.1996,510005
shapes_537_1,24.83745,125.19779,510006
shapes_537_1,24.83566,125.19507,510007
shapes_537_1,24.83535,125.19475,510008
shapes_537_1,24.83463,125.19425,510009
shapes_537_1,24.83406,125.19374,510010
shapes_537_1,24.83354,125.19327,510011
shapes_537_1,24.83327,125.19293,510012
shapes_537_1,24.83295,125.19243,510013
shapes_537_1,24.83284,125.19219,510014
shapes_537_1,24.83284,125.19219,520001
shapes_537_1,24.83258,125.19165,520002
shapes_537_1,24.83174,125.18981,520003
shapes_537_1,24.83164,125.1894,520004
shapes_537_1,24.83137,125.18924,520005
shapes_537_1,24.83118,125.1888,520006
shapes_537_1,24.8311,125.18861,520007
shapes_537_1,24.82982,125.18802,520008
shapes_537_1,24.82879,125.18754,520009
shapes_537_1,24.82843,125.18735,520010
shapes_537_1,24.82824,125.18722,520011
shapes_537_1,24.82826,125.18719,520012
shapes_537_1,24.82778,125.18669,520013
shapes_537_1,24.82765,125.1865,520014
shapes_537_1,24.82758,125.18643,520015
shapes_537_1,24.8274,125.18624,520016
shapes_537_1,24.82702,125.18592,520017
shapes_537_1,24.82662,125.18561,520018
shapes_537_1,24.82626,125.18539,520019
shapes_537_1,24.82567,125.18507,520020
shapes_537_1,24.82536,125.18489,520021
shapes_537_1,24.82512,125.18472,520022
shapes_537_1,24.82497,125.1846,520023
shapes_537_1,24.82476,125.18437,520024
shapes_537_1,24.82468,125.18425,520025
shapes_537_1,24.82458,125.18409,520026
shapes_537_1,24.82446,125.18381,520027
shapes_537_1,24.82435,125.18349,520028
shapes_537_1,24.82425,125.18314,520029
shapes_537_1,24.82411,125.18248,520030
shapes_537_1,24.82409,125.18227,520031
shapes_537_1,24.8241,125.18179,520032
shapes_537_1,24.8234,125.18234,520033
shapes_537_1,24.82226,125.18099,520034
shapes_537_1,24.82193,125.18053,520035
shapes_537_1,24.82141,125.17984,520036
shapes_537_1,24.81998,125.17803,520037
shapes_537_1,24.81959,125.17833,520038
shapes_537_1,24.81938,125.17858,520039
shapes_537_1,24.81935,125.17865,520040
shapes_537_1,24.81893,125.1781,520041
shapes_537_1,24.81877,125.17789,520042
shapes_537_1,24.81833,125.17736,520043
shapes_537_1,24.81833,125.17736,530001
shapes_537_1,24.81833,125.17736,530002
shapes_537_1,24.81811,125.17714,530003
shapes_537_1,24.81801,125.17704,530004
shapes_537_1,24.81788,125.17687,530005
shapes_537_1,24.81761,125.17633,530006
shapes_537_1,24.81761,125.17633,540001
shapes_537_1,24.8176,125.17631,540002
shapes_537_1,24.81764,125.17626,540003
shapes_537_1,24.81808,125.17583,540004
shapes_537_1,24.81861,125.17533,540005
shapes_537_1,24.81884,125.17505,540006
shapes_537_1,24.81924,125.17459,540007
shapes_537_1,24.81924,125.1746,540008
shapes_537_1,24.81924,125.1746,550001
shapes_537_1,24.81924,125.17459,550002
shapes_537_1,24.81965,125.17405,550003
shapes_537_1,24.82,125.17372,550004
shapes_537_1,24.82045,125.1735,550005
shapes_537_1,24.82045,125.1735,560001
shapes_537_1,24.82052,125.17346,560002
shapes_537_1,24.82132,125.17307,560003
shapes_537_1,24.82233,125.17253,560004
shapes_537_1,24.82303,125.17211,560005
shapes_537_1,24.82373,125.17177,560006
shapes_537_1,24.82449,125.17138,560007
shapes_537_1,24.82455,125.17134,560008
shapes_537_1,24.82506,125.17097,560009
shapes_537_1,24.82552,125.17056,560010
shapes_537_1,24.82556,125.17051,560011
shapes_537_1,24.82556,125.17051,570001
shapes_537_1,24.82616,125.16984,570002
shapes_537_1,24.8268,125.1692,570003
shapes_537_1,24.8268,125.1692,580001
shapes_537_1,24.82684,125.16916,580002
shapes_537_1,24.82685,125.16915,580003
shapes_537_1,24.82719,125.16879,580004
shapes_537_1,24.82789,125.16807,580005
shapes_537_1,24.82805,125.16797,580006
shapes_537_1,24.8282,125.16791,580007
shapes_537_1,24.82847,125.16786,580008
shapes_537_1,24.82877,125.16782,580009
shapes_537_1,24.82923,125.16774,580010
shapes_537_1,24.82995,125.16761,580011
shapes_537_1,24.83018,125.16756,580012
shapes_537_1,24.83018,125.16756,590001
shapes_537_1,24.83069,125.16747,590002
shapes_537_1,24.83125,125.16737,590003
shapes_537_1,24.83164,125.1673,590004
shapes_537_1,24.83523,125.16679,590005
shapes_537_1,24.83589,125.16667,590006
shapes_537_1,24.83632,125.16659,590007
shapes_537_1,24.83642,125.16656,590008
shapes_537_1,24.83653,125.16652,590009
shapes_537_1,24.83711,125.16632,590010
shapes_537_1,24.83722,125.16627,590011
shapes_537_1,24.83722,125.16627,600001
shapes_537_1,24.83751,125.16612,600002
shapes_537_1,24.83769,125.16601,600003
shapes_537_1,24.83782,125.16591,600004
shapes_537_1,24.838,125.16576,600005
shapes_537_1,24.83804,125.1657,600006
shapes_537_1,24.83804,125.1657,610001
shapes_537_1,24.83857,125.16505,610002
shapes_537_1,24.83872,125.16487,610003
shapes_537_1,24.8389,125.16462,610004
shapes_537_1,24.83917,125.16423,610005
shapes_537_1,24.83917,125.16423,620001
shapes_537_1,24.8393,125.16403,620002
shapes_537_1,24.83923,125.16399,620003
shapes_537_1,24.83864,125.16337,620004
shapes_537_1,24.83862,125.16338,620005
shapes_538_1,24.7897,125.29607,630001
shapes_538_1,24.78985,125.29592,630002
shapes_538_1,24.78999,125.29579,630003
shapes_538_1,24.79016,125.29564,630004
shapes_538_1,24.79034,125.29546,630005
shapes_538_1,24.79063,125.29518,630006
shapes_538_1,24.79076,125.29506,630007
shapes_538_1,24.79087,125.29497,630008
shapes_538_1,24.79098,125.29491,630009
shapes_538_1,24.7911,125.29485,630010
shapes_538_1,24.79122,125.2948,630011
shapes_538_1,24.79135,125.29477,630012
shapes_538_1,24.79149,125.29475,630013
shapes_538_1,24.79172,125.29471,630014
shapes_538_1,24.79172,125.29471,640001
shapes_538_1,24.79174,125.2947,640002
shapes_538_1,24.79207,125.29465,640003
shapes_538_1,24.79229,125.29461,640004
shapes_538_1,24.79257,125.29455,640005
shapes_538_1,24.79276,125.29451,640006
shapes_538_1,24.79295,125.29445,640007
shapes_538_1,24.79304,125.29442,640008
shapes_538_1,24.79338,125.2943,640009
shapes_538_1,24.79358,125.29422,640010
shapes_538_1,24.79382,125.29411,640011
shapes_538_1,24.79398,125.29403,640012
shapes_538_1,24.79419,125.29393,640013
shapes_538_1,24.7943,125.29387,640014
shapes_538_1,24.79435,125.29383,640015
shapes_538_1,24.79442,125.29379,640016
shapes_538_1,24.7949,125.29347,640017
shapes_538_1,24.79522,125.29324,640018
shapes_538_1,24.79556,125.29298,640019
shapes_538_1,24.79587,125.29275,640020
shapes_538_1,24.79628,125.29242,640021
shapes_538_1,24.79628,125.29242,650001
shapes_538_1,24.79628,125.29242,650002
shapes_538_1,24.7967,125.2921,650003
shapes_538_1,24.79714,125.29177,650004
shapes_538_1,24.79766,125.29137,650005
shapes_538_1,24.79819,125.29098,650006
shapes_538_1,24.79838,125.29081,650007
shapes_538_1,24.79842,125.29077,650008
shapes_538_1,24.79853,125.29068,650009
shapes_538_1,24.79853,125.29068,660001
shapes_538_1,24.79853,125.29067,660002
shapes_538_1,24.79866,125.29054,660003
shapes_538_1,24.79886,125.29033,660004
shapes_538_1,24.79914,125.28992,660005
shapes_538_1,24.7985,125.28938,660006
shapes_538_1,24.798503,125.289382,670001
shapes_538_1,24.796856372707698,125.28804302215578,670002
shapes_538_1,24.79747996971203,125.28697013854982,670003
shapes_538_1,24.7975,125.28705,680001
shapes_538_1,24.79759,125.28689,680002
shapes_538_1,24.79792,125.28637,680003
shapes_538_1,24.79824,125.28608,680004
shapes_538_1,24.79861,125.28577,680005
shapes_538_1,24.79893,125.2855,680006
shapes_538_1,24.7992,125.28529,680007
shapes_538_1,24.79938,125.28513,680008
shapes_538_1,24.79947,125.28506,680009
shapes_538_1,24.80001,125.28455,680010
shapes_538_1,24.80042,125.28423,680011
shapes_538_1,24.80022,125.28395,680012
shapes_538_1,24.80018,125.2839,680013
shapes_538_1,24.80018,125.2839,690001
shapes_538_1,24.8,125.28366,690002
shapes_538_1,24.79972,125.28329,690003
shapes_538_1,24.79952,125.28304,690004
shapes_538_1,24.79923,125.28271,690005
shapes_538_1,24.79982,125.28234,690006
shapes_538_1,24.80148,125.28131,690007
shapes_538_1,24.80189,125.28093,690008
shapes_538_1,24.80213,125.28069,690009
shapes_538_1,24.80213,125.28069,700001
shapes_538_1,24.80279,125.28004,700002
shapes_538_1,24.80321,125.27968,700003
shapes_538_1,24.80342,125.27951,700004
shapes_538_1,24.80344,125.27949,700005
shapes_538_1,24.80344,125.27949,710001
shapes_538_1,24.80395,125.27907,710002
shapes_538_1,24.80368,125.27881,710003
shapes_538_1,24.80322,125.27837,710004
shapes_538_1,24.80279,125.27816,710005
shapes_538_1,24.80254,125.27796,710006
shapes_538_1,24.80218,125.27761,710007
shapes_538_1,24.80212,125.27756,710008
shapes_538_1,24.80197,125.27742,710009
shapes_538_1,24.80173,125.27723,710010
shapes_538_1,24.8015,125.27719,710011
shapes_538_1,24.80121,125.27718,710012
shapes_538_1,24.80102,125.27697,710013
shapes_538_1,24.80087,125.27663,710014
shapes_538_1,24.80073,125.27621,710015
shapes_538_1,24.8005,125.27587,710016
shapes_538_1,24.80014,125.27558,710017
shapes_538_1,24.80004,125.2755,710018
shapes_538_1,24.80004,125.2755,720001
shapes_538_1,24.79977,125.27528,720002
shapes_538_1,24.79968,125.2752,720003
shapes_538_1,24.79943,125.27498,720004
shapes_538_1,24.79907,125.27472,720005
shapes_538_1,24.79861,125.27442,720006
shapes_538_1,24.79847,125.27433,720007
shapes_538_1,24.798,125.27386,720008
shapes_538_1,24.79767,125.27357,720009
shapes_538_1,24.79761,125.27352,720010
shapes_538_1,24.79716,125.27303,720011
shapes_538_1,24.79674,125.27252,720012
shapes_538_1,24.79674,125.27252,730001
shapes_538_1,24.79661,125.27237,730002
shapes_538_1,24.79623,125.27188,730003
shapes_538_1,24.7959,125.2715,730004
shapes_538_1,24.7954,125.27099,730005
shapes_538_1,24.79513,125.27072,730006
shapes_538_1,24.79473,125.27042,730007
shapes_538_1,24.79455,125.2703,730008
shapes_538_1,24.79405,125.27001,730009
shapes_538_1,24.79405,125.27001,740001
shapes_538_1,24.79382,125.26988,740002
shapes_538_1,24.79341,125.26971,740003
shapes_538_1,24.79308,125.26953,740004
shapes_538_1,24.79261,125.26911,740005
shapes_538_1,24.79256,125.26906,740006
shapes_538_1,24.79242,125.2689,740007
shapes_538_1,24.79224,125.26856,740008
shapes_538_1,24.79209,125.26821,740009
shapes_538_1,24.79204,125.26808,740010
shapes_538_1,24.79204,125.26808,750001
shapes_538_1,24.79185,125.2676,750002
shapes_538_1,24.79155,125.26693,750003
shapes_538_1,24.79142,125.26657,750004
shapes_538_1,24.79137,125.26639,750005
shapes_538_1,24.79131,125.26617,750006
shapes_538_1,24.79129,125.26586,750007
shapes_538_1,24.79127,125.26559,750008
shapes_538_1,24.79127,125.26533,750009
shapes_538_1,24.79128,125.26514,750010
shapes_538_1,24.7913,125.26498,750011
shapes_538_1,24.79135,125.2647,750012
shapes_538_1,24.79142,125.26443,750013
shapes_538_1,24.79153,125.26409,750014
shapes_538_1,24.79172,125.26364,750015
shapes_538_1,24.7922,125.26271,750016
shapes_538_1,24.7926,125.26186,750017
shapes_538_1,24.79287,125.26135,750018
shapes_538_1,24.79305,125.26103,750019
shapes_538_1,24.79326,125.26071,750020
shapes_538_1,24.79349,125.26047,750021
shapes_538_1,24.79364,125.26033,750022
shapes_538_1,24.79384,125.26015,750023
shapes_538_1,24.79424,125.25982,750024
shapes_538_1,24.79442,125.25962,750025
shapes_538_1,24.79449,125.25952,750026
shapes_538_1,24.79457,125.25937,750027
shapes_538_1,24.79464,125.25922,750028
shapes_538_1,24.79501,125.2577,750029
shapes_538_1,24.79505,125.25753,750030
shapes_538_1,24.79508,125.25734,750031
shapes_538_1,24.79508,125.25717,750032
shapes_538_1,24.79508,125.25692,750033
shapes_538_1,24.79506,125.2567,750034
shapes_538_1,24.79485,125.25448,750035
shapes_538_1,24.79482,125.25393,750036
shapes_538_1,24.79481,125.25336,750037
shapes_538_1,24.79482,125.25235,750038
shapes_538_1,24.79484,125.25166,750039
shapes_538_1,24.79491,125.25083,750040
shapes_538_1,24.79496,125.2503,750041
shapes_538_1,24.79546,125.24533,750042
shapes_538_1,24.79558,125.24445,750043
shapes_538_1,24.79571,125.24357,750044
shapes_538_1,24.79587,125.24268,750045
shapes_538_1,24.79606,125.24181,750046
shapes_538_1,24.79627,125.24095,750047
shapes_538_1,24.79651,125.2401,750048
shapes_538_1,24.79676,125.23925,750049
shapes_538_1,24.79705,125.23838,750050
shapes_538_1,24.79735,125.23756,750051
shapes_538_1,24.79767,125.23675,750052
shapes_538_1,24.79802,125.23593,750053
shapes_538_1,24.79838,125.23515,750054
shapes_538_1,24.79877,125.23439,750055
shapes_538_1,24.7992,125.23358,750056
shapes_538_1,24.79963,125.23283,750057
shapes_538_1,24.80009,125.23207,750058
shapes_538_1,24.80497,125.22427,750059
shapes_538_1,24.80629,125.22234,750060
shapes_538_1,24.80672,125.22179,750061
shapes_538_1,24.80709,125.22136,750062
shapes_538_1,24.80788,125.22052,750063
shapes_538_1,24.8088,125.21965,750064
shapes_538_1,24.80973,125.21886,750065
shapes_538_1,24.81041,125.21827,750066
shapes_538_1,24.81061,125.21801,750067
shapes_538_1,24.81084,125.2184,750068
shapes_538_1,24.81111,125.21882,750069
shapes_538_1,24.81133,125.21908,750070
shapes_538_1,24.81169,125.2194,750071
shapes_538_1,24.81196,125.21956,750072
shapes_538_1,24.81217,125.21966,750073
shapes_538_1,24.81278,125.21983,750074
shapes_538_1,24.81303,125.21994,750075
shapes_538_1,24.81324,125.2201,750076
shapes_538_1,24.81357,125.22047,750077
shapes_538_1,24.81386,125.2208,750078
shapes_538_1,24.81403,125.22094,750079
shapes_538_1,24.81418,125.22103,750080
shapes_538_1,24.81431,125.22107,750081
shapes_538_1,24.81449,125.22108,750082
shapes_538_1,24.81499,125.22109,750083
shapes_538_1,24.81514,125.22108,750084
shapes_538_1,24.81525,125.22105,750085
shapes_538_1,24.81535,125.22101,750086
shapes_538_1,24.81555,125.22087,750087
shapes_538_1,24.81589,125.2206,750088
shapes_538_1,24.81607,125.22044,750089
shapes_538_1,24.8163,125.22028,750090
shapes_538_1,24.81652,125.22017,750091
shapes_538_1,24.81666,125.22014,750092
shapes_538_1,24.81686,125.22011,750093
shapes_538_1,24.81715,125.22012,750094
shapes_538_1,24.817588409323967,125.22019386291505,750095
shapes_538_1,24.81809,125.22022,750096
shapes_538_1,24.81868,125.22024,750097
shapes_538_1,24.81896,125.22026,750098
shapes_538_1,24.81922,125.22024,750099
shapes_538_1,24.81949,125.22019,750100
shapes_538_1,24.82003,125.22,750101
shapes_538_1,24.82101,125.21968,750102
shapes_538_1,24.8214,125.21975,750103
shapes_538_1,24.82158,125.21972,750104
shapes_538_1,24.82222,125.21957,750105
shapes_538_1,24.82296,125.21937,750106
shapes_538_1,24.82448,125.2191,750107
shapes_538_1,24.82488,125.21907,750108
shapes_538_1,24.82511,125.21906,750109
shapes_538_1,24.82567,125.21906,750110
shapes_538_1,24.82613,125.21903,750111
shapes_538_1,24.82661,125.21898,750112
shapes_538_1,24.82679,125.21898,750113
shapes_538_1,24.82702,125.21895,750114
shapes_538_1,24.8273,125.21888,750115
shapes_538_1,24.82745,125.21882,750116
shapes_538_1,24.82762,125.21873,750117
shapes_538_1,24.82806,125.21838,750118
shapes_538_1,24.82839,125.2181,750119
shapes_538_1,24.82875,125.21779,750120
shapes_538_1,24.82938,125.2173,750121
shapes_538_1,24.83016,125.2167,750122
shapes_538_1,24.83044,125.21651,750123
shapes_538_1,24.83099,125.21623,750124
shapes_538_1,24.83124,125.21611,750125
shapes_538_1,24.83166,125.21587,750126
shapes_538_1,24.83188,125.2157,750127
shapes_538_1,24.83199,125.21561,750128
shapes_538_1,24.83223,125.21544,750129
shapes_538_1,24.83259,125.21509,750130
shapes_538_1,24.83297,125.21484,750131
shapes_538_1,24.83326,125.21468,750132
shapes_538_1,24.83381,125.21453,750133
shapes_538_1,24.8344,125.21426,750134
shapes_538_1,24.835505058915036,125.21358489990236,750135
shapes_538_1,24.83664,125.21293,750136
shapes_538_1,24.83724,125.21272,750137
shapes_538_1,24.83741341881924,125.21255493164064,750138
shapes_538_1,24.83760814776757,125.21238327026369,750139
shapes_538_1,24.83780287640957,125.21223306655885,750140
shapes_538_1,24.838,125.21208,750141
shapes_538_1,24.83812,125.21202,750142
shapes_538_1,24.83812,125.21202,760001
shapes_538_1,24.83836,125.2119,760002
shapes_538_1,24.83842,125.21194,760003
shapes_538_1,24.83861,125.21239,760004
shapes_538_1,24.83909,125.2129,760005
shapes_538_1,24.83842,125.2132,760006
shapes_538_1,24.83805,125.21333,760007
shapes_538_1,24.838,125.21346,760008
shapes_538_1,24.83801,125.21377,760009
shapes_538_1,24.838,125.21377,760010
shapes_538_1,24.838,125.21377,770001
shapes_538_1,24.83801,125.21377,770002
shapes_538_1,24.838,125.21346,770003
shapes_538_1,24.83805,125.21333,770004
shapes_538_1,24.83842,125.2132,770005
shapes_538_1,24.83909,125.2129,770006
shapes_538_1,24.84143,125.21206,770007
shapes_538_1,24.84205,125.21187,770008
shapes_538_1,24.84222,125.21242,770009
shapes_538_1,24.84229,125.21237,770010
shapes_538_1,24.84233,125.21232,770011
shapes_538_1,24.84242,125.21219,770012
shapes_538_1,24.84242,125.21219,780001
shapes_538_1,24.84243,125.21218,780002
shapes_538_1,24.84262,125.21199,780003
shapes_538_1,24.84317,125.21185,780004
shapes_538_1,24.84334,125.21178,780005
shapes_538_1,24.84362,125.21154,780006
shapes_538_1,24.84362,125.21154,790001
shapes_538_1,24.84371,125.21146,790002
shapes_538_1,24.84401,125.21103,790003
shapes_538_1,24.84473,125.21035,790004
shapes_538_1,24.84479,125.21023,790005
shapes_538_1,24.84476,125.21012,790006
shapes_538_1,24.84467,125.21007,790007
shapes_538_1,24.8442,125.20998,790008
shapes_538_1,24.84402,125.20972,790009
shapes_538_1,24.84375,125.20912,790010
shapes_538_1,24.84375,125.20912,800001
shapes_538_1,24.84363,125.20887,800002
shapes_538_1,24.84378,125.20849,800003
shapes_538_1,24.8439,125.20806,800004
shapes_538_1,24.84391,125.20766,800005
shapes_538_1,24.84382,125.20719,800006
shapes_538_1,24.8435,125.20648,800007
shapes_538_1,24.84283,125.20576,800008
shapes_538_1,24.84283,125.20576,810001
shapes_538_1,24.84281,125.20574,810002
shapes_538_1,24.84276,125.20566,810003
shapes_538_1,24.84221,125.20489,810004
shapes_538_1,24.84106,125.20348,810005
shapes_538_1,24.84101,125.20339,810006
shapes_538_1,24.84064,125.20361,810007
shapes_538_1,24.84045,125.20377,810008
shapes_538_1,24.84045,125.20377,820001
shapes_538_1,24.84064,125.20361,820002
shapes_538_1,24.84101,125.20339,820003
shapes_538_1,24.83909,125.20034,820004
shapes_538_1,24.83859,125.1996,820005
shapes_538_1,24.83745,125.19779,820006
shapes_538_1,24.83566,125.19507,820007
shapes_538_1,24.83535,125.19475,820008
shapes_538_1,24.83463,125.19425,820009
shapes_538_1,24.83406,125.19374,820010
shapes_538_1,24.83354,125.19327,820011
shapes_538_1,24.83327,125.19293,820012
shapes_538_1,24.83295,125.19243,820013
shapes_538_1,24.83284,125.19219,820014
shapes_538_1,24.83284,125.19219,830001
shapes_538_1,24.83258,125.19165,830002
shapes_538_1,24.83174,125.18981,830003
shapes_538_1,24.83164,125.1894,830004
shapes_538_1,24.83137,125.18924,830005
shapes_538_1,24.83118,125.1888,830006
shapes_538_1,24.8311,125.18861,830007
shapes_538_1,24.82982,125.18802,830008
shapes_538_1,24.82879,125.18754,830009
shapes_538_1,24.82843,125.18735,830010
shapes_538_1,24.82824,125.18722,830011
shapes_538_1,24.82826,125.18719,830012
shapes_538_1,24.82778,125.18669,830013
shapes_538_1,24.82765,125.1865,830014
shapes_538_1,24.82758,125.18643,830015
shapes_538_1,24.8274,125.18624,830016
shapes_538_1,24.82702,125.18592,830017
shapes_538_1,24.82662,125.18561,830018
shapes_538_1,24.82626,125.18539,830019
shapes_538_1,24.82567,125.18507,830020
shapes_538_1,24.82536,125.18489,830021
shapes_538_1,24.82512,125.18472,830022
shapes_538_1,24.82497,125.1846,830023
shapes_538_1,24.82476,125.18437,830024
shapes_538_1,24.82468,125.18425,830025
shapes_538_1,24.82458,125.18409,830026
shapes_538_1,24.82446,125.18381,830027
shapes_538_1,24.82435,125.18349,830028
shapes_538_1,24.82425,125.18314,830029
shapes_538_1,24.82411,125.18248,830030
shapes_538_1,24.82409,125.18227,830031
shapes_538_1,24.8241,125.18179,830032
shapes_538_1,24.8234,125.18234,830033
shapes_538_1,24.82226,125.18099,830034
shapes_538_1,24.82193,125.18053,830035
shapes_538_1,24.82141,125.17984,830036
shapes_538_1,24.81998,125.17803,830037
shapes_538_1,24.81959,125.17833,830038
shapes_538_1,24.81938,125.17858,830039
shapes_538_1,24.81935,125.17865,830040
shapes_538_1,24.81893,125.1781,830041
shapes_538_1,24.81877,125.17789,830042
shapes_538_1,24.81833,125.17736,830043
shapes_538_1,24.81833,125.17736,840001
shapes_538_1,24.81833,125.17736,840002
shapes_538_1,24.81811,125.17714,840003
shapes_538_1,24.81801,125.17704,840004
shapes_538_1,24.81788,125.17687,840005
shapes_538_1,24.81761,125.17633,840006
shapes_538_1,24.81761,125.17633,850001
shapes_538_1,24.8176,125.17631,850002
shapes_538_1,24.81764,125.17626,850003
shapes_538_1,24.81808,125.17583,850004
shapes_538_1,24.81861,125.17533,850005
shapes_538_1,24.81884,125.17505,850006
shapes_538_1,24.81924,125.17459,850007
shapes_538_1,24.81924,125.1746,850008
shapes_538_1,24.81924,125.1746,860001
shapes_538_1,24.81924,125.17459,860002
shapes_538_1,24.81965,125.17405,860003
shapes_538_1,24.82,125.17372,860004
shapes_538_1,24.82045,125.1735,860005
shapes_538_1,24.82045,125.1735,870001
shapes_538_1,24.82052,125.17346,870002
shapes_538_1,24.82132,125.17307,870003
shapes_538_1,24.82233,125.17253,870004
shapes_538_1,24.82303,125.17211,870005
shapes_538_1,24.82373,125.17177,870006
shapes_538_1,24.82449,125.17138,870007
shapes_538_1,24.82455,125.17134,870008
shapes_538_1,24.82506,125.17097,870009
shapes_538_1,24.82552,125.17056,870010
shapes_538_1,24.82556,125.17051,870011
shapes_538_1,24.82556,125.17051,880001
shapes_538_1,24.82616,125.16984,880002
shapes_538_1,24.8268,125.1692,880003
shapes_538_1,24.8268,125.1692,890001
shapes_538_1,24.82684,125.16916,890002
shapes_538_1,24.82685,125.16915,890003
shapes_538_1,24.82719,125.16879,890004
shapes_538_1,24.82789,125.16807,890005
shapes_538_1,24.82805,125.16797,890006
shapes_538_1,24.8282,125.16791,890007
shapes_538_1,24.82847,125.16786,890008
shapes_538_1,24.82877,125.16782,890009
shapes_538_1,24.82923,125.16774,890010
shapes_538_1,24.82995,125.16761,890011
shapes_538_1,24.83018,125.16756,890012
shapes_538_1,24.83018,125.16756,900001
shapes_538_1,24.83069,125.16747,900002
shapes_538_1,24.83125,125.16737,900003
shapes_538_1,24.83164,125.1673,900004
shapes_538_1,24.83523,125.16679,900005
shapes_538_1,24.83589,125.16667,900006
shapes_538_1,24.83632,125.16659,900007
shapes_538_1,24.83642,125.16656,900008
shapes_538_1,24.83653,125.16652,900009
shapes_538_1,24.83711,125.16632,900010
shapes_538_1,24.83722,125.16627,900011
shapes_538_1,24.83722,125.16627,910001
shapes_538_1,24.83751,125.16612,910002
shapes_538_1,24.83769,125.16601,910003
shapes_538_1,24.83782,125.16591,910004
shapes_538_1,24.838,125.16576,910005
shapes_538_1,24.83804,125.1657,910006
shapes_538_1,24.83804,125.1657,920001
shapes_538_1,24.83857,125.16505,920002
shapes_538_1,24.83872,125.16487,920003
shapes_538_1,24.8389,125.16462,920004
shapes_538_1,24.83917,125.16423,920005
shapes_538_1,24.83917,125.16423,930001
shapes_538_1,24.8393,125.16403,930002
shapes_538_1,24.83923,125.16399,930003
shapes_538_1,24.83864,125.16337,930004
shapes_538_1,24.83862,125.16338,930005
shapes_555_1,24.83857,125.163307,940001
shapes_555_1,24.83924385883947,125.16393184661867,940002
shapes_555_1,24.839282804077726,125.16404986381532,940003
shapes_555_1,24.839170836484694,125.16417860984804,940004
shapes_555_1,24.839136,125.1642,950001
shapes_555_1,24.838056023186198,125.1656860113144,950002
shapes_555_1,24.838037,125.165695,960001
shapes_555_1,24.837213821329296,125.16621172428133,960002
shapes_555_1,24.837191,125.166199,970001
shapes_555_1,24.836556607807463,125.1665496826172,970002
shapes_555_1,24.83025691749662,125.16759037971498,970003
shapes_555_1,24.830191,125.16758,980001
shapes_555_1,24.827968697150705,125.16803026199342,980002
shapes_555_1,24.826897600759125,125.16921043395998,980003
shapes_555_1,24.826803,125.169197,990001
shapes_555_1,24.82559279809372,125.17051935195924,990002
shapes_555_1,24.825569,125.170517,1000001
shapes_555_1,24.824911179294954,125.17120599746706,1000002
shapes_555_1,24.822729973931757,125.1722574234009,1000003
shapes_555_1,24.820548730159544,125.17352342605592,1000004
shapes_555_1,24.820463,125.173515,1010001
shapes_555_1,24.819828132259236,125.17382383346559,1010002
shapes_555_1,24.819399666655812,125.17453193664551,1010003
shapes_555_1,24.819258,125.174591,1020001
shapes_555_1,24.817646837393116,125.17629146575929,1020002
shapes_555_1,24.81761,125.17633,1030001
shapes_555_1,24.81788,125.17687,1030002
shapes_555_1,24.81801,125.17704,1030003
shapes_555_1,24.81811,125.17714,1030004
shapes_555_1,24.81833,125.17736,1030005
shapes_555_1,24.81833,125.17736,1030006
shapes_555_1,24.818336,125.177368,1040001
shapes_555_1,24.819399666655812,125.17863035202028,1040002
shapes_555_1,24.82043187673072,125.1800036430359,1040003
shapes_555_1,24.82130827476017,125.18154859542848,1040004
shapes_555_1,24.822282043076644,125.18352270126344,1040005
shapes_555_1,24.824093231784968,125.18187046051027,1040006
shapes_555_1,24.824716430377755,125.18429517745973,1040007
shapes_555_1,24.82533962583492,125.18481016159059,1040008
shapes_555_1,24.82615756511381,125.18530368804933,1040009
shapes_555_1,24.826897600759125,125.18579721450807,1040010
shapes_555_1,24.82757920862561,125.18635511398317,1040011
shapes_555_1,24.828436081763876,125.18738508224489,1040012
shapes_555_1,24.82970190623295,125.18792152404787,1040013
shapes_555_1,24.831688250854103,125.18899440765382,1040014
shapes_555_1,24.831688250854103,125.18970251083375,1040015
shapes_555_1,24.83199983143292,125.19028186798097,1040016
shapes_555_1,24.832584042904813,125.19156932830812,1040017
shapes_555_1,24.833012462898928,125.19219160079957,1040018
shapes_555_1,24.832886,125.192169,1050001
shapes_555_1,24.833401934334447,125.19304990768434,1050002
shapes_555_1,24.834083506398546,125.19382238388063,1050003
shapes_555_1,24.835680317684055,125.19508838653566,1050004
shapes_555_1,24.83756920200241,125.19785642623903,1050005
shapes_555_1,24.840470627958165,125.20244836807251,1050006
shapes_555_1,24.841015854774632,125.20337104797365,1050007
shapes_555_1,24.84066535209691,125.20369291305543,1050008
shapes_555_1,24.840427,125.203743,1060001
shapes_555_1,24.839633310670635,125.20452976226808,1060002
shapes_555_1,24.838990714492102,125.20528078079225,1060003
shapes_555_1,24.83811444159959,125.20678281784059,1060004
shapes_555_1,24.83741341881924,125.20588159561159,1060005
shapes_555_1,24.837318,125.205934,1070001
shapes_555_1,24.838270223900526,125.20680427551271,1070002
shapes_555_1,24.83945805749825,125.20749092102052,1070003
shapes_555_1,24.839711200889823,125.2080273628235,1070004
shapes_555_1,24.840081178761597,125.20843505859376,1070005
shapes_555_1,24.840879548295693,125.20867109298707,1070006
shapes_555_1,24.841794746060245,125.20852088928224,1070007
shapes_555_1,24.84210630120195,125.20879983901979,1070008
shapes_555_1,24.842320494906925,125.20944356918336,1070009
shapes_555_1,24.84300201786555,125.20901441574098,1070010
shapes_555_1,24.84366406514579,125.20886421203615,1070011
shapes_555_1,24.84374195282827,125.20912170410158,1070012
shapes_555_1,24.843712,125.209152,1080001
shapes_555_1,24.84405350306793,125.2095937728882,1080002
shapes_555_1,24.844287165232956,125.21006584167482,1080003
shapes_555_1,24.844501355163324,125.21002292633058,1080004
shapes_555_1,24.844871318715274,125.21021604537965,1080005
shapes_555_1,24.84405350306793,125.21096706390382,1080006
shapes_555_1,24.843683537070998,125.21148204803468,1080007
shapes_555_1,24.843599,125.211502,1090001
shapes_555_1,24.84300201786555,125.2119541168213,1090002
shapes_555_1,24.84247627191407,125.21214723587038,1090003
shapes_555_1,24.842426,125.212196,1100001
shapes_555_1,24.842281550624516,125.21244764328004,1100002
shapes_555_1,24.842008940304435,125.21188974380495,1100003
shapes_555_1,24.839535947827738,125.21274805068971,1100004
shapes_555_1,24.837997604745247,125.21334886550905,1100005
shapes_555_1,24.838075495993742,125.21384239196779,1100006
shapes_555_1,24.838036,125.21389,1110001
shapes_555_1,24.83802681396917,125.21334886550905,1110002
shapes_555_1,24.839078341440153,125.21285533905031,1110003
shapes_555_1,24.83897124182855,125.21268367767335,1110004
shapes_555_1,24.838669415151784,125.21239399909975,1110005
shapes_555_1,24.838367587739064,125.21186828613281,1110006
shapes_555_1,24.837939186276692,125.21209359169008,1110007
shapes_555_1,24.8372284260346,125.21272659301759,1110008
shapes_555_1,24.836546871284597,125.21291971206665,1110009
shapes_555_1,24.835816629888424,125.21337032318117,1110010
shapes_555_1,24.834336660781002,125.2143144607544,1110011
shapes_555_1,24.833362987246023,125.21461486816408,1110012
shapes_555_1,24.832593779739323,125.21507620811464,1110013
shapes_555_1,24.83163956631786,125.21585941314699,1110014
shapes_555_1,24.83037376165619,125.21652460098268,1110015
shapes_555_1,24.82740393838965,125.21885275840759,1110016
shapes_555_1,24.825992030219556,125.21903514862062,1110017
shapes_555_1,24.824492468744406,125.21909952163698,1110018
shapes_555_1,24.8213959142221,125.21974325180055,1110019
shapes_555_1,24.820928503041987,125.21971106529237,1110020
shapes_555_1,24.819292550023405,125.22023677825929,1110021
shapes_555_1,24.816731461143874,125.22011876106264,1110022
shapes_555_1,24.816351675395932,125.22025823593141,1110023
shapes_555_1,24.81595241220063,125.22054791450502,1110024
shapes_555_1,24.81551419501755,125.22089123725893,1110025
shapes_555_1,24.815056499860606,125.22111654281618,1110026
shapes_555_1,24.81410215132987,125.22099852561952,1110027
shapes_555_1,24.813050411782935,125.2199685573578,1110028
shapes_555_1,24.811521478188833,125.21931409835817,1110029
shapes_555_1,24.810576840999925,125.21817684173585,1110030
shapes_555_1,24.80841486075094,125.22006511688234,1110031
shapes_555_1,24.80640866516686,125.22210359573366,1110032
shapes_555_1,24.80309739755467,125.22723197937012,1110033
shapes_555_1,24.79914323860939,125.23364782333375,1110034
shapes_555_1,24.797429081267342,125.23727416992189,1110035
shapes_555_1,24.79608500950607,125.24160861968996,1110036
shapes_555_1,24.795422707918597,125.24549245834352,1110037
shapes_555_1,24.795013637524207,125.24999856948854,1110038
shapes_555_1,24.794857800828584,125.25180101394655,1110039
shapes_555_1,24.79479936201725,125.25336742401124,1110040
shapes_555_1,24.79511103535954,125.2573585510254,1110041
shapes_555_1,24.794546126849955,125.25946140289308,1110042
shapes_555_1,24.793163064120947,125.26081323623659,1110043
shapes_555_1,24.79150726451466,125.26411771774293,1110044
shapes_555_1,24.791254022626195,125.26514768600465,1110045
shapes_555_1,24.791351423413715,125.26634931564332,1110046
shapes_555_1,24.792062446845666,125.26808738708498,1110047
shapes_555_1,24.792044,125.268089,1120001
shapes_555_1,24.792461786985886,125.26885986328126,1120002
shapes_555_1,24.79287086579651,125.26939630508424,1120003
shapes_555_1,24.794098094133535,125.26997566223146,1120004
shapes_555_1,24.79405,125.27001,1130001
shapes_555_1,24.79455,125.2703,1130002
shapes_555_1,24.79473,125.27042,1130003
shapes_555_1,24.79513,125.27072,1130004
shapes_555_1,24.7954,125.27099,1130005
shapes_555_1,24.7959,125.2715,1130006
shapes_555_1,24.79623,125.27188,1130007
shapes_555_1,24.79661,125.27237,1130008
shapes_555_1,24.79674,125.27252,1130009
shapes_555_1,24.79674,125.27252,1140001
shapes_555_1,24.79716,125.27303,1140002
shapes_555_1,24.79761,125.27352,1140003
shapes_555_1,24.79767,125.27357,1140004
shapes_555_1,24.798,125.27386,1140005
shapes_555_1,24.79847,125.27433,1140006
shapes_555_1,24.79861,125.27442,1140007
shapes_555_1,24.79907,125.27472,1140008
shapes_555_1,24.79943,125.27498,1140009
shapes_555_1,24.79968,125.2752,1140010
shapes_555_1,24.79977,125.27528,1140011
shapes_555_1,24.80004,125.2755,1140012
shapes_555_1,24.80004,125.2755,1150001
shapes_555_1,24.80014,125.27558,1150002
shapes_555_1,24.8005,125.27587,1150003
shapes_555_1,24.80073,125.27621,1150004
shapes_555_1,24.80087,125.27663,1150005
shapes_555_1,24.80102,125.27697,1150006
shapes_555_1,24.80121,125.27718,1150007
shapes_555_1,24.8015,125.27719,1150008
shapes_555_1,24.80173,125.27723,1150009
shapes_555_1,24.80197,125.27742,1150010
shapes_555_1,24.80212,125.27756,1150011
shapes_555_1,24.80218,125.27761,1150012
shapes_555_1,24.80254,125.27796,1150013
shapes_555_1,24.80279,125.27816,1150014
shapes_555_1,24.80322,125.27837,1150015
shapes_555_1,24.80368,125.27881,1150016
shapes_555_1,24.80395,125.27907,1150017
shapes_555_1,24.80344,125.27949,1150018
shapes_555_1,24.80344,125.27949,1160001
shapes_555_1,24.80342,125.27951,1160002
shapes_555_1,24.80321,125.27968,1160003
shapes_555_1,24.80279,125.28004,1160004
shapes_555_1,24.80213,125.28069,1160005
shapes_555_1,24.80213,125.28069,1170001
shapes_555_1,24.80189,125.28093,1170002
shapes_555_1,24.80148,125.28131,1170003
shapes_555_1,24.79982,125.28234,1170004
shapes_555_1,24.79923,125.28271,1170005
shapes_555_1,24.79952,125.28304,1170006
shapes_555_1,24.79972,125.28329,1170007
shapes_555_1,24.8,125.28366,1170008
shapes_555_1,24.80018,125.2839,1170009
shapes_555_1,24.80018,125.2839,1180001
shapes_555_1,24.80022,125.28395,1180002
shapes_555_1,24.80042,125.28423,1180003
shapes_555_1,24.80001,125.28455,1180004
shapes_555_1,24.79947,125.28506,1180005
shapes_555_1,24.79938,125.28513,1180006
shapes_555_1,24.7992,125.28529,1180007
shapes_555_1,24.79893,125.2855,1180008
shapes_555_1,24.79861,125.28577,1180009
shapes_555_1,24.79824,125.28608,1180010
shapes_555_1,24.79792,125.28637,1180011
shapes_555_1,24.79759,125.28689,1180012
shapes_555_1,24.7975,125.28705,1180013
shapes_555_1,24.797478,125.287033,1190001
shapes_555_1,24.796903141878136,125.28800547122957,1190002
shapes_555_1,24.798515041652255,125.28938412666322,1190003
shapes_555_1,24.7985,125.28938,1200001
shapes_555_1,24.79914,125.28992,1200002
shapes_555_1,24.79886,125.29033,1200003
shapes_555_1,24.79866,125.29054,1200004
shapes_555_1,24.79853,125.29067,1200005
shapes_555_1,24.79853,125.29068,1200006
shapes_555_1,24.79853,125.29068,1210001
shapes_555_1,24.79842,125.29077,1210002
shapes_555_1,24.79838,125.29081,1210003
shapes_555_1,24.79819,125.29098,1210004
shapes_555_1,24.79766,125.29137,1210005
shapes_555_1,24.79714,125.29177,1210006
shapes_555_1,24.7967,125.2921,1210007
shapes_555_1,24.79628,125.29242,1210008
shapes_555_1,24.79628,125.29242,1210009
shapes_555_1,24.79628,125.29242,1220001
shapes_555_1,24.79587,125.29275,1220002
shapes_555_1,24.79556,125.29298,1220003
shapes_555_1,24.79522,125.29324,1220004
shapes_555_1,24.7949,125.29347,1220005
shapes_555_1,24.79442,125.29379,1220006
shapes_555_1,24.79435,125.29383,1220007
shapes_555_1,24.7943,125.29387,1220008
shapes_555_1,24.79419,125.29393,1220009
shapes_555_1,24.79398,125.29403,1220010
shapes_555_1,24.79382,125.29411,1220011
shapes_555_1,24.79358,125.29422,1220012
shapes_555_1,24.79338,125.2943,1220013
shapes_555_1,24.79304,125.29442,1220014
shapes_555_1,24.79295,125.29445,1220015
shapes_555_1,24.79276,125.29451,1220016
shapes_555_1,24.79257,125.29455,1220017
shapes_555_1,24.79229,125.29461,1220018
shapes_555_1,24.79207,125.29465,1220019
shapes_555_1,24.79174,125.2947,1220020
shapes_555_1,24.79172,125.29471,1220021
shapes_555_1,24.79172,125.29471,1230001
shapes_555_1,24.79149,125.29475,1230002
shapes_555_1,24.79135,125.29477,1230003
shapes_555_1,24.79122,125.2948,1230004
shapes_555_1,24.7911,125.29485,1230005
shapes_555_1,24.79098,125.29491,1230006
shapes_555_1,24.79087,125.29497,1230007
shapes_555_1,24.79076,125.29506,1230008
shapes_555_1,24.79063,125.29518,1230009
shapes_555_1,24.79034,125.29546,1230010
shapes_555_1,24.79016,125.29564,1230011
shapes_555_1,24.78999,125.29579,1230012
shapes_555_1,24.78985,125.29592,1230013
shapes_555_1,24.7897,125.29607,1230014
